0 19 85 19 53 37 87 31 53 12 30 72 44 94 28 65 76 32 66 89 66 63 54 19 57 45 79 97 53 62 53 81 71 83 89 
98 0 12 22 68 94 52 46 73 60 65 66 78 35 56 57 87 22 41 50 94 73 86 84 34 65 44 47 30 11 99 49 27 95 41 
90 10 0 53 70 40 92 71 25 74 53 52 83 53 60 56 46 40 85 71 70 99 69 44 14 26 27 26 32 20 14 87 13 89 45 
95 19 74 0 54 19 12 45 69 58 15 78 68 41 17 50 85 89 15 23 36 23 22 98 42 70 52 70 28 94 52 63 48 91 84 
94 46 34 23 0 93 73 12 34 51 19 15 73 12 74 86 25 91 38 27 86 56 88 62 81 32 99 93 10 47 93 11 72 32 52 
57 91 85 59 34 0 51 41 38 19 86 23 42 69 76 71 73 54 33 43 40 97 30 62 30 37 95 79 36 40 99 53 53 92 52 
43 73 78 50 66 88 0 32 30 11 49 98 39 33 31 83 44 67 23 25 17 62 99 28 50 35 62 53 95 58 95 24 71 90 61 
13 61 33 16 60 37 65 0 52 41 82 69 56 38 36 44 36 70 82 70 77 34 94 68 13 95 14 82 69 66 53 47 21 42 49 
65 61 62 16 72 31 73 14 0 69 50 45 59 55 45 26 70 20 28 74 94 13 65 35 74 56 13 48 45 15 84 79 76 70 75 
77 86 85 24 58 69 44 30 81 0 48 80 41 18 83 74 44 27 90 51 44 26 94 48 73 96 55 73 18 68 66 32 65 65 94 
31 73 84 31 13 38 31 11 78 60 0 55 48 80 44 13 83 82 76 55 77 76 44 41 23 88 25 34 28 23 72 38 62 31 54 
21 69 28 47 18 53 79 70 99 19 50 0 32 39 88 55 77 43 31 40 90 42 71 91 61 31 20 33 65 29 49 46 79 15 59 
72 60 18 93 96 51 64 46 58 79 73 65 0 45 27 29 60 97 26 19 28 45 94 97 96 50 99 71 56 77 13 18 19 62 72 
33 57 69 41 37 23 98 91 54 21 55 77 41 0 16 76 44 31 54 41 60 11 71 30 59 94 91 95 98 76 35 74 25 88 51 
45 21 68 56 10 31 15 13 61 49 48 49 17 83 0 18 81 53 56 70 17 70 56 75 97 52 34 65 59 11 30 10 21 87 87 
57 14 86 60 90 85 39 61 90 46 21 36 19 76 46 0 22 76 98 39 76 34 53 85 33 65 36 81 89 95 61 60 63 23 12 
96 60 96 98 96 43 49 91 74 25 81 22 34 48 17 18 0 19 63 42 67 72 57 18 23 63 18 10 23 69 13 99 50 50 94 
53 23 11 22 58 57 28 59 90 78 94 61 74 40 71 99 56 0 12 58 61 94 54 75 77 66 87 21 75 35 20 87 35 47 42 
69 10 10 28 59 55 55 71 56 38 55 54 73 27 74 53 67 69 0 80 73 78 15 18 91 37 38 93 24 87 34 41 80 69 77 
33 40 37 94 92 25 33 69 26 50 18 57 55 73 34 85 40 72 20 0 84 95 31 12 32 76 22 99 14 72 16 61 85 69 29 
29 45 31 56 21 73 69 43 44 72 17 90 23 41 58 17 19 58 30 33 0 35 75 95 81 54 80 17 11 99 62 11 59 83 46 
49 39 66 90 30 77 76 31 94 79 84 77 75 65 49 10 80 36 94 13 44 0 19 42 45 76 53 52 93 21 11 86 86 93 62 
73 12 89 40 76 81 45 99 20 25 65 74 30 69 88 97 35 74 59 11 52 93 0 11 15 59 35 37 62 45 81 84 27 21 60 
14 75 86 17 93 90 68 16 50 32 22 69 90 86 33 36 31 51 17 53 19 16 81 0 12 38 48 48 45 56 56 95 56 99 44 
16 54 92 13 45 20 16 96 89 92 68 64 66 44 28 63 33 54 63 40 36 89 57 73 0 48 86 67 50 68 33 60 43 60 50 
39 26 62 69 53 10 53 34 11 81 24 42 22 94 44 52 14 14 59 78 28 99 13 44 94 0 94 97 82 91 21 46 42 33 78 
48 14 77 15 47 30 73 40 91 96 42 48 42 18 26 54 46 90 35 68 49 62 58 87 53 76 0 46 58 38 51 10 32 28 88 
43 85 91 23 59 28 24 17 19 47 79 60 93 61 79 77 21 65 94 26 28 11 95 82 90 74 68 0 35 15 77 16 29 23 26 
44 65 88 12 87 48 25 71 94 22 62 88 61 68 50 32 52 95 96 33 48 82 21 44 34 11 74 58 0 84 60 23 26 96 56 
74 16 96 69 80 79 86 49 68 54 38 12 16 28 60 62 14 40 82 11 23 72 64 89 25 57 13 11 26 0 75 81 63 84 27 
82 93 42 63 73 14 61 98 40 72 90 47 58 28 31 30 43 19 87 46 76 83 10 58 38 72 80 10 88 54 0 88 32 54 90 
30 85 20 81 91 66 68 77 67 19 45 82 58 64 86 36 22 95 87 52 17 16 68 66 93 42 27 35 78 69 21 0 42 11 20 
20 78 83 17 89 23 87 93 66 90 41 51 35 12 58 31 47 59 78 51 41 49 22 99 14 68 15 77 28 58 87 88 0 17 95 
40 76 10 95 48 47 45 35 78 69 69 22 69 42 65 82 52 99 82 42 62 81 67 42 46 67 72 76 44 87 36 44 98 0 41 
12 75 41 21 84 92 50 79 40 94 23 42 41 91 42 34 68 82 89 36 23 45 28 23 94 91 89 63 15 89 26 20 15 49 0 