0 15 57 49 11 26 13 97 74 66 97 89 94 67 
54 0 78 78 79 18 42 97 99 50 47 46 55 18 
33 54 0 41 53 51 86 54 93 51 88 46 32 10 
62 37 97 0 26 95 42 30 32 54 43 62 95 21 
83 39 94 93 0 35 80 62 48 92 52 71 16 93 
51 70 59 10 20 0 37 92 86 26 50 53 38 96 
24 85 28 81 31 47 0 46 11 71 41 71 16 69 
53 10 73 40 23 13 96 0 40 14 63 30 32 10 
66 75 65 61 37 76 70 73 0 16 87 43 68 40 
68 39 95 57 27 34 12 24 30 0 41 73 32 63 
80 46 14 24 59 75 60 91 23 54 0 98 21 74 
98 38 85 47 72 10 86 59 49 43 56 0 50 10 
93 71 43 15 25 63 12 74 93 71 74 61 0 92 
71 54 74 89 68 83 67 37 42 95 71 55 88 0 