0 75 27 76 57 17 19 12 88 95 95 76 39 89 76 53 64 78 13 68 73 42 16 69 66 83 59 65 25 17 
81 0 10 13 29 15 65 51 37 51 12 26 88 50 77 88 70 86 17 19 54 10 90 77 74 32 32 53 45 27 
26 62 0 40 76 72 82 37 11 43 49 29 48 12 85 46 68 72 62 37 93 41 20 77 11 11 22 38 41 58 
32 39 41 0 29 63 31 63 35 45 38 36 67 56 11 26 44 78 15 59 66 17 17 35 67 86 72 78 73 74 
52 85 42 66 0 14 34 16 91 78 60 80 10 68 83 71 49 37 21 42 42 14 30 14 24 29 90 65 39 13 
24 56 48 11 70 0 24 56 70 84 81 85 40 30 99 97 74 85 96 38 40 25 73 66 38 33 14 52 34 60 
48 73 95 69 45 99 0 99 82 84 12 18 97 92 13 23 47 36 58 82 37 35 36 49 14 61 29 71 24 33 
55 61 82 18 35 53 63 0 43 97 79 45 92 27 48 24 24 54 56 72 63 48 35 16 90 70 77 92 38 14 
18 60 87 88 41 80 19 89 0 95 83 42 15 71 14 50 60 17 51 84 71 35 80 13 81 76 43 97 12 53 
24 53 56 13 62 79 16 25 28 0 25 59 31 74 24 52 70 75 20 93 77 39 96 86 99 16 41 65 85 92 
35 47 31 38 74 84 38 24 38 10 0 94 86 20 28 53 64 35 46 56 66 99 90 87 18 70 19 86 83 69 
57 58 97 17 70 12 10 73 50 98 58 0 82 58 88 60 74 84 94 76 35 42 67 27 93 12 60 58 48 95 
41 63 97 18 33 74 91 15 66 69 46 38 0 77 80 53 97 30 75 86 29 77 31 48 41 50 78 12 92 18 
38 42 18 79 69 91 10 12 32 35 55 10 83 0 89 39 64 85 22 98 22 37 10 78 83 88 61 95 72 32 
17 73 15 72 74 88 59 93 78 38 40 93 52 47 0 40 55 20 43 15 48 16 95 93 24 62 47 97 18 81 
89 48 69 28 12 61 79 81 99 44 99 97 95 90 14 0 43 94 33 11 56 91 74 51 75 73 69 10 55 82 
51 72 20 30 15 99 53 86 10 29 12 65 79 31 64 92 0 54 36 49 40 11 72 85 47 79 58 52 97 81 
17 75 46 68 59 32 27 26 34 27 50 60 17 31 78 15 80 0 50 85 79 50 16 10 61 47 69 93 50 36 
37 83 47 30 62 83 87 35 59 45 98 42 67 98 51 12 92 58 0 64 42 53 66 38 85 70 49 35 34 52 
33 55 27 89 80 64 47 96 91 48 27 93 92 41 45 53 60 47 44 0 15 69 30 22 97 75 89 42 82 35 
56 16 19 59 73 48 41 75 10 10 91 35 56 32 40 54 83 72 29 63 0 16 90 46 39 96 99 11 65 39 
87 93 83 55 90 51 28 36 44 59 92 28 61 27 85 73 58 21 20 61 95 0 50 21 69 67 89 52 12 58 
27 68 28 71 34 38 15 76 86 41 43 83 28 60 87 72 27 43 52 59 63 23 0 61 46 51 83 33 54 39 
90 42 36 44 16 87 59 51 20 71 24 63 20 98 50 70 40 42 27 19 49 77 96 0 54 14 46 46 14 47 
48 30 70 87 85 55 82 90 80 85 72 28 84 97 86 57 73 82 79 48 60 47 97 90 0 75 89 88 86 60 
68 85 87 29 53 81 21 29 66 25 80 26 30 64 51 71 96 57 32 95 46 46 51 42 16 0 47 14 26 65 
63 17 98 58 25 34 34 32 79 56 47 83 68 82 75 54 54 35 51 85 25 95 96 43 98 18 0 55 34 52 
77 38 63 21 85 84 97 82 94 26 11 28 45 32 28 20 88 17 10 76 49 57 29 51 15 11 18 0 92 79 
93 31 57 86 55 99 74 87 77 25 62 47 25 26 61 26 35 83 61 71 74 36 52 78 84 10 41 24 0 49 
44 96 51 81 23 90 65 73 38 87 64 42 12 34 39 58 54 30 93 16 93 37 18 18 44 23 12 51 43 0 