0 29 59 26 79 79 70 92 63 38 27 92 83 64 
94 0 69 41 95 88 58 68 94 96 64 30 46 84 
69 42 0 27 31 96 64 84 55 60 20 86 65 33 
43 11 55 0 85 44 73 14 83 10 84 14 42 90 
92 35 45 14 0 50 38 34 83 57 35 24 74 56 
30 80 52 71 14 0 65 34 26 66 86 64 71 46 
24 21 26 96 90 62 0 77 90 34 59 95 45 27 
62 86 89 40 18 71 57 0 17 88 21 37 73 96 
65 44 10 34 69 11 67 13 0 85 54 58 71 85 
59 89 81 91 13 46 22 19 99 0 56 54 73 76 
34 36 11 39 54 95 78 17 92 43 0 54 31 42 
42 77 41 94 54 93 98 43 98 28 39 0 99 16 
46 14 11 60 86 56 45 70 92 73 36 99 0 71 
72 77 27 80 29 27 62 27 63 85 53 71 66 0 