0 17 91 86 47 25 48 39 87 30 88 53 68 70 93 95 17 45 54 38 
15 0 78 63 12 27 30 16 45 16 96 62 14 69 35 95 90 95 97 53 
14 19 0 68 24 65 87 78 16 96 38 29 88 92 87 16 34 18 46 71 
41 74 33 0 27 92 22 30 50 74 62 13 46 58 27 45 42 13 49 67 
73 46 79 45 0 36 35 97 78 84 66 88 96 65 73 73 28 58 27 77 
51 60 66 91 16 0 81 77 57 22 61 21 26 19 52 87 12 56 58 79 
13 30 16 59 59 18 0 26 20 68 28 94 75 83 73 36 35 85 72 39 
10 36 52 10 91 85 21 0 89 99 57 53 92 40 60 67 45 18 47 41 
55 47 49 95 56 46 45 91 0 61 77 80 97 64 58 96 70 60 37 42 
81 41 27 93 38 18 27 70 65 0 99 73 51 48 77 45 29 57 60 19 
90 12 49 53 49 50 15 88 13 43 0 87 95 95 59 17 82 91 39 69 
44 40 23 27 65 49 89 47 83 37 37 0 68 90 76 38 58 77 87 31 
94 60 90 15 51 65 80 47 59 84 46 42 0 66 95 61 63 92 98 61 
71 27 96 55 41 20 48 38 86 97 29 36 36 0 17 58 86 27 47 11 
16 16 89 43 92 49 16 56 45 71 86 96 65 61 0 41 10 79 29 84 
42 18 87 49 46 12 62 88 33 64 26 99 16 48 83 0 91 43 85 29 
36 27 30 56 24 14 97 51 56 26 76 51 36 18 50 91 0 25 99 87 
49 67 93 19 27 37 84 34 74 33 81 32 23 47 91 19 52 0 33 26 
11 56 55 20 80 32 74 29 87 44 11 38 92 95 46 96 19 66 0 88 
29 32 29 26 80 30 33 10 18 70 73 21 67 66 49 59 26 57 77 0 