0 41 87 44 44 46 84 49 29 51 35 23 22 55 
96 0 13 31 98 60 60 52 34 67 61 25 44 56 
58 27 0 62 89 55 54 98 80 89 89 43 46 27 
39 34 67 0 28 40 16 95 93 39 89 94 32 91 
79 12 38 51 0 73 38 21 57 90 68 58 20 76 
80 25 57 93 28 0 23 82 70 15 12 20 84 66 
39 58 25 97 61 62 0 19 52 33 56 68 43 91 
84 34 67 45 27 66 60 0 73 31 66 46 43 79 
81 12 36 50 79 43 42 14 0 87 12 57 26 71 
27 62 64 77 58 84 21 56 57 0 98 69 46 43 
83 63 43 44 30 90 52 53 98 45 0 38 58 50 
17 48 48 25 32 40 49 57 61 61 33 0 64 73 
99 29 26 34 46 48 79 62 51 32 77 89 0 55 
62 10 17 42 99 75 99 52 46 82 63 84 87 0 