0 30 46 40 87 92 52 70 66 21 78 44 21 52 47 74 41 44 61 88 52 52 96 77 97 98 23 88 91 61 
64 0 13 96 86 70 74 31 33 21 68 23 88 39 55 21 76 18 78 55 81 53 82 97 79 99 10 32 20 51 
16 80 0 21 80 54 83 76 69 33 59 59 56 75 89 92 85 62 60 24 29 10 68 69 40 92 98 73 62 47 
23 64 18 0 37 77 19 43 82 57 92 52 73 77 76 42 66 16 77 41 88 97 75 29 76 28 18 79 88 27 
70 96 33 25 0 72 24 31 38 66 82 13 99 71 64 31 68 85 21 90 48 60 91 27 12 54 87 26 26 57 
59 72 38 81 91 0 23 44 35 55 78 67 48 37 87 65 19 67 68 61 82 70 74 21 67 56 95 18 36 29 
54 30 11 12 13 70 0 55 71 87 39 73 43 56 94 97 17 97 45 49 46 26 21 77 18 75 98 17 87 56 
27 98 94 92 62 70 23 0 28 85 15 32 34 95 83 51 81 85 56 20 43 30 29 84 76 43 21 53 38 28 
25 75 84 22 87 71 33 95 0 21 22 40 47 42 66 82 41 49 63 54 38 83 99 37 16 29 14 71 85 42 
88 97 93 27 59 67 42 48 76 0 43 33 77 44 65 52 81 36 79 69 72 24 70 79 93 86 45 73 76 14 
47 60 51 40 65 39 98 23 18 20 0 42 52 18 26 90 71 29 81 45 24 12 39 21 63 70 98 12 38 55 
63 44 37 92 18 80 39 62 78 87 90 0 13 69 22 81 81 68 39 15 28 31 87 50 23 99 64 51 48 63 
81 28 11 13 32 37 65 20 97 15 12 92 0 46 77 45 51 43 24 26 82 16 65 33 23 52 30 69 86 91 
77 64 54 88 10 16 59 91 20 71 11 31 46 0 74 54 13 99 51 59 36 26 91 69 89 37 23 19 54 83 
14 32 92 83 45 61 28 94 60 31 65 67 94 53 0 12 96 36 78 34 67 87 74 55 70 84 76 70 56 57 
30 12 13 74 53 91 24 25 45 46 33 75 46 35 87 0 89 26 78 92 75 67 77 60 98 70 55 58 19 25 
57 88 84 61 48 73 42 84 96 11 65 73 75 44 64 22 0 34 16 27 96 78 22 62 11 54 59 54 63 56 
27 28 10 64 61 80 46 53 94 63 53 37 51 40 23 50 69 0 93 33 82 71 30 93 33 64 19 62 63 96 
74 96 95 81 78 33 75 55 87 26 17 48 19 52 61 73 66 22 0 54 33 44 63 55 35 46 16 66 20 42 
43 95 20 49 15 52 80 11 99 10 83 63 53 27 55 34 76 61 91 0 90 10 68 96 56 15 91 47 78 82 
48 83 59 52 49 62 35 30 36 50 39 67 87 99 17 52 77 44 23 15 0 65 70 62 12 41 31 24 10 32 
90 35 56 21 49 43 17 33 40 40 15 57 21 69 84 82 42 12 81 58 83 0 40 85 58 15 71 39 20 58 
48 78 79 24 73 42 90 31 47 60 44 45 79 32 55 66 43 78 17 79 23 94 0 82 42 68 81 48 23 91 
42 65 76 10 45 89 88 25 67 69 22 21 69 10 87 97 31 83 63 17 13 32 51 0 84 79 38 53 35 47 
38 89 46 92 53 62 35 29 86 89 46 66 73 11 33 83 68 50 32 46 12 62 14 47 0 25 34 83 31 41 
70 91 97 24 27 74 11 44 86 56 60 77 38 66 84 21 67 17 57 52 81 21 15 81 23 0 13 78 51 53 
96 33 18 11 79 33 99 54 96 69 19 10 31 83 11 92 23 47 18 58 10 23 29 95 58 68 0 19 96 48 
83 86 59 71 99 80 63 15 96 71 74 34 61 86 91 80 36 56 68 64 25 94 51 63 29 91 54 0 82 19 
71 68 61 31 89 71 60 58 10 82 60 34 96 69 26 52 62 27 26 93 73 17 62 58 70 92 72 19 0 30 
29 26 68 14 45 81 16 60 28 84 65 81 76 47 67 40 47 62 51 39 10 19 89 62 69 87 67 17 29 0 