0 62 93 18 38 52 94 29 19 32 38 48 58 26 47 
53 0 49 37 41 44 63 47 89 31 29 66 94 27 66 
97 37 0 91 88 55 73 94 22 46 50 60 72 21 74 
97 89 29 0 90 73 13 25 56 82 82 71 19 91 52 
19 35 52 27 0 54 38 77 97 56 28 49 72 61 63 
96 88 73 59 14 0 31 87 31 36 56 19 43 34 72 
19 23 86 51 64 88 0 38 66 91 26 99 79 69 17 
65 89 26 19 43 23 41 0 22 14 81 55 85 70 99 
83 17 22 65 98 49 88 11 0 79 36 39 36 27 80 
17 38 33 77 77 24 74 47 95 0 15 85 44 99 59 
44 44 70 58 52 25 93 60 56 12 0 52 67 27 25 
29 84 74 49 46 44 83 58 61 42 89 0 55 79 41 
84 96 42 69 63 31 64 20 67 70 96 60 0 27 13 
80 53 68 20 23 82 53 64 91 25 15 95 30 0 65 
83 83 72 75 14 65 68 92 95 99 71 87 40 11 0 