0 39 37 27 91 27 89 36 82 29 96 99 33 97 38 39 45 88 97 15 18 32 10 93 83 
42 0 19 22 10 16 43 53 45 75 94 44 82 90 78 93 15 69 49 74 83 22 68 13 73 
75 99 0 28 50 42 54 47 98 28 11 41 54 58 69 67 77 65 23 46 86 11 38 84 86 
49 10 61 0 69 25 23 11 87 55 78 63 68 96 89 57 38 58 65 55 40 85 12 11 54 
71 95 94 92 0 79 35 71 89 42 67 93 86 17 79 98 54 56 98 38 27 29 61 58 54 
62 11 79 67 75 0 58 45 56 92 95 85 32 20 78 30 85 93 16 48 10 19 30 60 50 
15 94 67 92 82 57 0 26 30 91 86 82 83 25 85 89 27 76 42 51 31 87 38 71 10 
22 44 83 95 54 83 75 0 93 40 19 56 45 46 81 29 84 40 23 86 33 35 38 63 49 
96 56 52 55 31 11 97 16 0 37 11 49 14 90 86 84 32 18 36 39 71 99 73 27 80 
81 62 74 56 84 17 97 33 71 0 22 25 89 97 81 83 30 50 66 28 55 77 93 27 45 
23 80 18 15 75 29 40 48 26 30 0 62 94 77 66 58 25 77 63 51 92 93 34 21 70 
55 56 20 60 16 22 44 56 62 67 26 0 65 71 30 46 61 79 47 65 70 39 53 70 43 
75 34 28 84 86 64 77 72 28 90 82 41 0 60 29 43 12 47 32 46 62 35 94 82 92 
34 76 56 41 31 42 21 84 44 24 47 20 82 0 98 93 80 83 78 13 83 70 79 62 41 
34 84 90 57 39 14 60 49 49 49 71 17 12 56 0 86 32 24 25 23 79 38 80 68 29 
84 29 98 85 36 44 31 63 91 78 86 34 52 83 38 0 68 46 48 64 19 69 71 95 33 
39 36 76 62 63 72 83 38 63 73 25 40 53 20 35 48 0 88 23 46 19 26 24 55 85 
78 58 84 16 99 49 36 72 47 74 52 41 85 22 26 20 37 0 52 40 30 35 69 80 23 
29 59 54 47 70 12 89 82 72 69 84 87 39 66 94 91 84 46 0 32 67 24 67 72 63 
77 62 42 34 11 75 16 32 50 63 24 96 48 51 62 28 92 86 46 0 35 80 52 52 96 
74 91 99 27 41 59 49 62 69 95 98 67 27 58 34 31 93 40 17 98 0 12 22 86 22 
43 43 33 98 91 38 68 90 37 55 27 47 90 25 33 70 64 70 52 33 66 0 72 92 87 
64 73 63 93 53 95 69 87 98 95 60 28 85 30 26 99 30 89 33 64 91 38 0 29 13 
93 13 90 85 29 82 10 38 95 11 39 21 15 78 73 15 45 75 43 96 51 25 59 0 71 
82 87 11 81 91 37 37 59 14 63 21 30 47 88 77 30 11 32 14 61 44 73 99 58 0 