0 71 69 82 67 26 52 44 31 76 80 57 68 92 71 87 84 76 60 55 
50 0 61 51 55 31 56 19 49 54 92 97 57 80 36 13 86 47 57 95 
82 36 0 15 28 32 17 35 56 89 84 91 54 56 98 67 17 45 46 42 
46 77 83 0 42 38 62 84 91 84 78 64 57 93 26 93 57 92 78 85 
44 91 37 32 0 87 31 94 58 68 79 48 16 43 97 92 66 50 49 57 
45 70 68 45 82 0 35 40 84 55 20 21 31 59 38 82 72 65 78 32 
45 75 73 67 94 65 0 39 37 96 26 58 80 71 90 45 64 12 56 90 
63 32 82 36 41 37 60 0 30 50 48 18 62 54 41 81 16 51 61 21 
76 97 40 13 67 16 28 14 0 62 61 59 52 19 77 30 46 71 75 42 
52 78 82 14 68 93 79 19 51 0 34 81 89 44 88 10 12 42 64 82 
51 43 11 20 70 69 29 21 91 67 0 11 17 34 54 63 12 62 27 53 
88 74 24 71 95 60 14 45 33 18 96 0 33 16 51 65 98 90 92 44 
31 82 28 24 22 28 76 11 14 58 90 59 0 70 55 71 86 16 82 92 
22 43 76 75 83 16 58 76 32 35 70 50 28 0 44 50 33 52 45 37 
83 50 88 61 67 88 20 92 72 22 75 40 51 32 0 73 52 74 62 58 
95 82 28 88 49 58 42 72 62 76 14 54 26 53 22 0 31 77 43 15 
30 24 69 35 92 27 44 99 25 54 63 96 89 87 91 64 0 93 95 10 
62 10 42 40 72 88 74 92 81 71 93 69 42 19 58 29 11 0 80 59 
81 27 10 24 11 75 97 46 70 88 76 85 86 26 94 76 69 38 0 59 
72 86 49 63 50 37 85 77 44 75 35 50 78 14 90 22 77 13 76 0 