0 38 78 54 79 30 64 26 26 78 67 81 66 
45 0 87 28 36 21 74 63 16 37 59 70 79 
72 19 0 46 34 87 85 98 72 98 39 62 39 
39 47 82 0 31 89 59 11 63 56 61 75 14 
79 47 61 52 0 85 60 53 60 88 45 27 87 
12 70 97 29 57 0 58 14 39 64 92 89 45 
63 23 56 38 23 35 0 64 45 89 21 70 36 
57 75 14 85 11 66 19 0 77 34 18 41 88 
87 95 44 55 58 32 70 97 0 89 70 99 94 
59 49 39 94 94 53 71 85 25 0 95 66 42 
55 88 25 76 77 10 69 93 88 63 0 33 88 
10 78 28 46 69 73 30 43 85 96 58 0 62 
70 24 56 35 44 52 23 34 83 12 50 16 0 