0 24 44 70 57 97 16 59 63 10 44 61 40 46 
24 0 50 74 42 34 95 60 50 61 33 77 53 70 
99 93 0 71 99 24 25 21 83 47 23 33 78 93 
15 74 30 0 26 36 88 26 43 43 38 56 92 29 
59 48 98 65 0 70 28 32 76 46 99 70 12 60 
48 79 16 12 82 0 16 84 46 85 74 91 15 54 
58 75 78 46 36 54 0 99 20 87 49 13 53 29 
92 34 84 22 71 74 67 0 94 98 62 79 81 24 
79 35 96 46 22 25 52 89 0 84 36 95 19 44 
36 34 65 41 17 52 59 79 76 0 63 89 38 77 
54 43 17 56 14 98 19 51 49 85 0 10 90 63 
68 51 38 29 41 84 51 84 27 43 53 0 50 26 
86 62 56 77 19 56 73 64 57 53 67 31 0 57 
51 37 84 21 34 77 97 53 76 92 22 27 28 0 