0 32 43 66 82 51 36 75 49 69 71 43 96 71 16 96 62 46 67 78 48 53 44 73 20 
59 0 41 49 80 43 80 88 23 33 83 33 67 65 14 37 48 34 56 66 74 66 16 15 50 
89 88 0 50 93 23 26 55 86 70 93 18 86 94 66 85 14 71 49 74 12 96 20 50 73 
25 24 67 0 93 53 46 68 85 62 49 43 79 10 82 87 13 84 22 24 13 49 64 66 34 
62 78 25 11 0 70 85 59 65 24 39 36 75 92 53 43 85 41 33 37 12 24 70 54 76 
77 30 92 84 57 0 43 54 28 15 66 47 56 91 64 99 73 80 49 25 92 67 58 54 61 
72 70 55 29 51 39 0 21 19 37 28 81 73 46 86 27 18 84 82 36 29 45 16 10 63 
98 53 79 71 22 52 99 0 29 72 64 65 64 33 71 24 24 79 18 43 50 86 60 42 13 
13 50 44 63 28 42 84 26 0 55 95 96 57 99 23 62 33 42 77 84 23 79 55 42 21 
21 91 73 86 85 32 75 90 27 0 38 96 75 53 65 80 99 74 29 45 26 18 18 95 94 
57 47 12 68 87 63 82 19 66 78 0 15 67 87 23 94 10 24 17 56 42 70 88 71 33 
82 21 79 44 75 66 75 99 48 67 83 0 66 70 44 88 34 16 44 89 87 38 81 35 30 
37 19 31 47 52 13 86 58 88 45 40 47 0 26 59 67 43 29 13 94 79 34 39 10 40 
19 32 72 64 46 33 42 22 77 73 47 21 41 0 99 29 47 22 96 86 93 45 30 80 35 
96 74 28 95 17 76 29 12 56 40 44 68 30 86 0 33 54 29 86 30 45 43 25 38 21 
43 52 43 65 32 25 56 45 90 81 19 33 86 14 70 0 93 23 19 38 76 79 51 75 27 
80 28 88 26 97 73 50 38 71 73 16 55 47 74 57 85 0 40 13 95 13 45 72 21 90 
16 85 96 27 91 23 95 12 53 47 49 14 59 54 94 63 33 0 65 15 75 29 82 46 78 
67 79 97 89 59 37 31 99 66 66 42 67 95 14 54 82 31 50 0 28 91 16 86 42 75 
79 14 20 90 62 94 25 43 21 45 59 76 51 76 65 97 58 67 69 0 38 56 63 96 86 
57 61 40 96 27 62 44 32 42 44 31 80 49 88 81 77 91 68 81 12 0 91 43 83 15 
65 10 86 66 44 33 85 22 92 50 30 93 62 70 57 35 46 88 12 58 14 0 74 45 27 
44 18 44 49 69 39 85 67 34 70 21 89 68 73 88 29 81 51 84 96 55 28 0 12 89 
34 28 57 18 72 52 31 71 77 85 71 98 89 25 62 72 53 10 16 30 14 44 79 0 60 
69 74 69 50 74 53 39 68 26 96 71 86 13 13 76 38 60 76 68 89 93 22 11 41 0 