0 19 83 99 37 21 72 89 58 78 64 68 45 95 18 41 28 21 46 58 
21 0 64 60 89 80 62 81 83 67 66 84 83 32 98 70 33 80 93 35 
86 88 0 61 56 26 37 35 59 51 29 40 33 74 26 45 54 24 49 42 
59 39 49 0 50 39 54 56 34 19 96 91 84 58 98 94 79 72 84 15 
33 43 59 47 0 53 86 32 15 23 87 69 90 23 63 22 69 17 47 38 
33 29 94 97 34 0 65 17 37 29 80 88 14 60 46 62 95 18 55 58 
62 89 83 61 48 25 0 61 54 95 20 24 16 46 43 64 78 14 67 92 
81 21 50 26 34 95 82 0 31 75 99 57 68 83 26 21 31 25 64 22 
56 69 76 71 52 87 97 20 0 45 54 98 41 23 88 47 60 33 15 50 
14 16 36 80 10 80 86 77 90 0 92 21 29 16 76 47 32 95 90 36 
55 35 24 90 82 77 83 70 13 43 0 15 27 75 87 46 12 54 63 87 
28 74 96 29 81 81 47 53 57 50 32 0 21 78 78 87 87 19 66 50 
41 17 74 78 62 35 59 64 63 30 81 31 0 85 67 34 34 45 23 23 
51 39 56 78 73 62 28 83 88 72 90 38 94 0 96 37 70 24 15 47 
11 67 78 18 24 50 36 28 13 95 74 41 77 19 0 39 43 67 43 58 
91 74 70 75 86 77 57 59 25 63 95 92 17 89 84 0 35 40 12 42 
54 69 97 57 89 16 94 25 91 60 55 40 98 96 85 99 0 32 50 20 
23 36 32 18 51 38 36 87 11 57 27 95 53 25 40 77 37 0 87 56 
51 59 84 92 72 69 13 17 99 69 67 87 11 45 11 24 14 81 0 17 
44 36 71 19 71 49 23 25 61 61 86 11 69 85 56 78 12 64 27 0 