0 96 83 78 15 70 25 63 57 57 83 47 20 40 52 
75 0 11 73 31 55 24 38 51 66 94 32 73 96 91 
99 11 0 71 34 65 54 61 14 14 21 68 85 50 14 
75 48 67 0 29 17 25 43 12 23 54 69 81 64 65 
73 61 85 80 0 24 16 47 67 22 49 72 50 27 26 
67 90 69 28 98 0 26 41 10 34 63 53 38 10 93 
10 97 12 32 54 43 0 98 92 34 93 78 17 28 60 
41 99 69 50 30 33 43 0 52 82 38 64 50 39 97 
12 16 68 35 67 10 58 18 0 85 81 86 12 20 86 
22 47 24 96 20 46 92 63 17 0 71 59 97 49 15 
17 46 60 47 39 86 39 39 74 44 0 11 23 91 53 
89 44 58 42 63 68 45 33 63 59 38 0 93 83 18 
92 21 60 73 36 49 82 62 50 33 38 35 0 11 62 
42 77 69 25 15 70 69 52 95 73 88 85 72 0 70 
36 33 59 21 49 54 56 24 72 84 60 15 56 45 0 