0 61 53 51 19 40 22 35 39 54 60 10 84 19 61 66 54 89 53 60 33 28 49 77 42 26 19 44 89 53 66 76 21 64 62 
94 0 27 77 27 74 64 65 78 13 24 67 70 70 76 33 91 60 26 88 98 56 10 96 96 75 43 79 12 44 16 28 85 40 87 
73 77 0 45 24 95 77 76 11 84 54 86 44 90 35 30 55 62 44 87 92 54 80 96 69 32 44 69 24 11 59 79 67 63 71 
68 23 63 0 93 35 12 50 53 18 60 62 91 88 76 65 43 31 28 92 44 10 50 73 97 34 22 69 97 37 88 69 41 62 30 
90 23 27 84 0 84 88 21 79 81 80 41 29 80 15 70 72 64 92 18 37 70 43 87 96 48 27 12 10 42 12 67 73 92 38 
51 65 66 65 48 0 51 59 49 94 19 24 35 58 74 28 83 72 63 87 12 83 76 24 74 74 29 84 61 45 14 89 18 76 57 
57 16 85 56 78 92 0 29 21 18 23 29 80 40 85 52 77 12 92 88 32 15 71 71 56 18 24 89 76 15 48 64 94 99 28 
48 87 18 52 38 14 85 0 27 24 43 12 70 77 31 79 81 12 21 43 13 56 52 78 13 82 37 42 92 95 15 49 97 93 10 
70 93 64 46 36 50 68 34 0 48 84 56 35 83 82 34 79 70 29 46 58 27 13 58 39 93 42 84 90 81 64 15 25 98 57 
52 74 93 45 89 67 48 84 93 0 32 49 51 75 70 71 11 35 12 30 84 79 63 61 86 88 89 63 82 41 59 75 95 45 85 
57 42 35 29 80 14 29 47 76 50 0 97 93 76 88 11 14 60 33 95 67 42 16 11 75 28 43 67 42 93 54 57 79 54 78 
47 31 90 68 89 45 72 89 18 88 60 0 69 67 26 92 69 63 93 43 59 21 18 78 57 95 68 45 34 42 43 35 59 28 34 
59 65 82 89 82 56 97 47 72 81 10 87 0 43 51 16 28 35 21 63 12 51 99 42 52 69 60 53 38 11 98 56 52 91 78 
57 35 12 94 84 87 60 69 11 11 68 10 50 0 16 82 83 18 37 35 39 47 38 59 71 93 36 18 65 93 43 65 27 47 86 
23 43 94 82 29 49 84 63 48 26 95 31 95 76 0 56 44 22 63 48 22 75 16 77 40 91 15 27 59 99 38 67 32 89 91 
67 32 14 80 77 15 26 70 96 78 10 95 58 26 97 0 37 17 52 56 14 91 35 12 99 33 75 40 13 24 72 59 50 99 58 
45 30 17 28 39 98 16 19 34 37 39 52 72 63 24 98 0 73 74 71 27 53 13 16 67 72 41 14 83 61 68 79 74 32 39 
61 85 36 34 69 22 97 42 79 98 93 35 36 43 78 10 77 0 47 19 13 56 63 85 53 85 57 29 42 55 68 57 61 91 76 
96 94 23 90 52 77 70 91 29 88 80 66 61 29 14 90 25 58 0 57 26 73 97 79 64 36 60 62 56 86 14 76 90 22 44 
78 39 55 95 43 54 89 10 60 27 97 98 11 24 98 48 24 94 83 0 73 85 58 57 50 25 59 35 13 68 90 46 33 41 23 
78 57 73 75 62 24 14 46 29 74 25 42 37 48 22 79 28 17 62 85 0 79 18 81 78 98 22 89 37 29 53 87 96 25 70 
96 65 16 23 91 21 49 48 79 77 71 87 43 14 50 98 75 46 53 90 67 0 32 72 66 49 17 32 56 24 81 36 15 11 93 
18 36 58 98 43 88 35 40 99 26 21 45 99 49 65 64 71 16 28 81 50 68 0 82 21 60 94 12 14 35 52 73 27 79 13 
81 76 57 59 65 36 60 84 38 68 14 88 99 52 85 93 90 74 32 26 46 98 15 0 26 98 43 62 14 88 50 84 34 38 23 
34 44 73 23 59 11 43 32 86 93 70 32 36 81 47 70 75 47 71 14 72 64 53 45 0 30 80 40 37 99 99 29 23 90 62 
30 47 32 50 19 83 19 65 55 23 31 50 65 87 57 55 49 24 95 53 83 48 25 52 88 0 44 28 12 15 91 22 16 49 25 
68 49 84 61 88 14 38 32 41 96 66 53 31 18 72 59 91 96 22 58 20 60 97 84 44 13 0 77 73 24 53 63 18 37 74 
30 40 78 19 54 58 58 79 36 46 57 25 67 41 27 92 86 90 99 69 77 68 78 34 35 36 23 0 59 20 43 82 67 52 67 
79 35 88 59 63 26 45 30 88 67 76 63 70 62 86 44 24 37 18 60 33 26 57 64 15 91 26 99 0 83 38 82 94 44 80 
44 97 26 53 26 92 40 90 32 76 19 98 97 74 70 41 67 97 48 17 68 67 16 68 21 40 17 22 28 0 95 75 13 36 38 
44 90 23 59 21 26 28 38 84 81 65 73 75 64 85 28 99 43 60 18 32 94 51 42 32 21 59 55 73 29 0 87 13 85 73 
48 69 23 81 96 92 51 21 50 25 10 94 21 31 98 38 51 95 91 37 16 88 17 71 98 48 40 39 98 74 54 0 76 52 63 
44 18 62 35 21 30 80 36 20 22 59 47 22 60 19 84 97 96 23 37 70 94 29 22 49 14 30 91 44 91 91 90 0 28 30 
73 95 24 36 82 62 47 90 65 37 94 60 68 61 60 59 12 62 16 80 50 90 28 91 53 69 84 37 73 47 35 37 52 0 43 
36 84 35 18 79 76 36 98 61 30 82 18 96 47 34 84 14 30 96 72 73 27 51 35 35 46 38 16 87 99 57 62 40 16 0 