0 98 18 11 62 38 23 33 65 85 80 45 14 26 96 
14 0 73 46 52 34 69 86 40 75 63 66 60 33 41 
85 17 0 40 52 63 67 27 83 36 85 70 43 81 86 
40 84 42 0 51 55 90 53 33 12 57 29 43 30 69 
53 43 79 22 0 83 88 59 94 58 39 31 25 73 30 
32 31 90 60 84 0 89 33 25 72 57 41 69 37 47 
12 67 39 43 34 13 0 83 57 62 87 64 12 35 21 
86 11 85 47 99 37 35 0 46 57 12 79 96 12 27 
64 85 39 63 47 43 44 41 0 44 58 43 72 80 94 
95 71 79 83 94 33 90 75 88 0 52 38 34 47 84 
58 38 14 24 10 55 60 29 70 51 0 53 99 88 88 
82 51 73 66 43 77 70 60 75 41 71 0 41 39 47 
30 84 11 77 36 97 18 72 59 53 55 96 0 99 13 
78 78 75 15 21 42 55 20 90 81 63 23 82 0 32 
69 98 90 83 99 54 55 97 17 18 20 76 21 97 0 