0 79 69 59 12 37 18 50 18 86 38 66 79 58 73 26 84 46 10 54 
96 0 57 92 28 26 86 73 95 15 79 23 55 11 48 74 13 58 47 16 
44 31 0 42 72 48 92 75 23 45 94 74 30 62 83 35 10 37 97 16 
95 93 11 0 22 62 38 84 39 94 39 98 81 93 57 92 79 34 60 99 
62 76 64 78 0 87 20 14 29 97 61 84 24 75 99 76 31 86 76 74 
70 64 98 55 40 0 14 20 72 20 60 23 36 72 60 57 85 94 55 55 
85 27 93 19 38 67 0 46 53 52 52 84 53 82 78 27 21 32 79 57 
21 93 77 53 86 24 88 0 45 10 18 36 44 41 61 37 98 31 68 58 
41 66 30 56 47 54 64 40 0 28 54 14 58 44 42 81 41 47 90 31 
70 19 42 44 45 47 23 61 38 0 91 32 72 30 55 10 11 62 10 23 
76 41 45 56 80 13 83 41 32 63 0 66 68 22 28 87 20 89 57 27 
66 83 51 35 61 54 43 98 53 78 79 0 10 36 32 28 59 59 39 19 
71 98 98 63 12 36 32 33 95 70 11 63 0 30 61 30 10 52 13 90 
49 72 58 69 13 98 19 82 89 26 86 15 39 0 73 63 76 58 14 65 
71 12 12 10 30 97 55 85 61 64 91 54 11 95 0 36 78 40 25 75 
86 84 45 25 81 69 89 56 47 87 22 52 25 15 11 0 64 91 13 17 
62 47 96 30 84 93 76 63 94 57 12 66 60 42 50 77 0 50 28 24 
56 95 44 93 41 49 94 10 95 70 85 59 37 56 96 44 58 0 72 36 
65 47 83 21 12 86 40 13 40 78 50 11 56 57 44 78 44 21 0 85 
62 94 47 32 26 52 71 69 50 89 93 11 39 71 58 35 48 78 64 0 