0 74 50 27 56 15 97 16 66 70 53 75 23 
36 0 37 14 55 25 75 90 33 61 81 31 29 
27 46 0 54 71 43 84 98 61 15 57 98 74 
39 23 90 0 72 28 33 81 28 58 44 40 70 
16 24 99 67 0 32 78 76 45 97 35 24 91 
60 83 93 85 14 0 30 23 56 40 89 35 87 
56 68 90 10 81 94 0 79 50 55 11 79 70 
20 77 71 39 65 99 51 0 27 24 26 57 86 
50 57 98 45 52 50 21 38 0 96 55 74 84 
80 72 45 57 26 69 31 34 18 0 32 99 21 
60 53 40 65 54 97 46 64 57 35 0 91 20 
24 97 12 34 27 53 47 57 38 16 50 0 29 
49 91 40 37 63 13 15 33 16 57 20 24 0 