0 44 14 14 67 56 43 39 90 31 33 59 67 32 97 34 78 10 90 38 19 57 96 24 48 
31 0 39 31 81 62 60 84 27 12 89 53 26 37 85 99 12 64 75 23 70 70 72 96 65 
42 37 0 79 48 29 71 37 83 86 40 74 50 19 88 58 29 63 43 92 63 14 15 58 20 
79 24 37 0 60 38 47 75 25 76 27 18 83 65 36 91 12 52 39 79 27 10 36 86 99 
30 90 35 78 0 44 14 98 74 46 16 77 72 33 63 58 31 27 60 61 96 50 82 98 10 
94 70 24 26 29 0 75 33 70 47 76 68 21 65 58 50 45 32 86 94 65 94 80 45 30 
45 54 13 90 62 12 0 87 82 38 26 35 46 85 33 97 10 38 57 86 41 86 54 49 45 
22 88 84 85 99 21 30 0 30 33 63 66 65 94 69 94 85 95 91 42 99 75 40 88 88 
81 32 92 59 31 33 19 31 0 60 48 53 73 37 34 18 10 81 88 39 10 62 35 49 14 
49 39 52 53 97 17 28 92 74 0 31 56 71 38 24 65 10 96 20 85 58 55 35 60 69 
18 21 46 63 75 49 22 47 51 96 0 34 61 97 50 64 83 84 26 72 20 32 88 56 28 
87 34 36 50 71 99 62 33 17 68 37 0 82 29 80 54 23 20 78 80 99 69 82 95 64 
65 47 89 83 53 71 34 44 20 16 84 97 0 33 24 91 63 53 59 95 49 15 21 47 73 
15 68 22 95 97 36 96 91 57 62 93 71 80 0 16 49 39 10 14 52 27 23 44 30 64 
16 42 18 48 44 57 88 17 91 70 26 99 83 68 0 48 49 35 54 37 96 83 22 92 94 
31 25 14 50 47 96 27 84 94 30 45 14 84 82 81 0 22 31 50 87 22 83 21 65 97 
31 90 71 58 94 28 70 13 40 29 20 31 86 95 84 88 0 18 37 47 94 67 25 28 45 
30 12 38 88 18 32 48 66 52 98 79 77 99 45 67 45 75 0 26 15 69 65 55 62 73 
15 95 18 98 51 16 59 40 71 20 27 69 21 46 33 64 58 20 0 24 72 66 99 42 11 
77 95 85 32 40 86 34 68 59 64 60 15 36 25 55 92 87 32 39 0 76 16 30 19 74 
30 50 54 95 51 81 60 89 28 96 96 80 10 81 72 12 38 48 91 32 0 25 38 48 44 
85 98 66 91 10 69 83 59 50 19 70 58 36 87 59 18 97 30 90 49 46 0 94 99 71 
49 96 74 36 17 47 90 38 18 57 14 98 38 30 31 41 31 39 69 88 11 53 0 63 31 
65 61 99 17 20 51 10 75 29 70 60 35 90 89 99 89 41 61 98 44 76 51 62 0 67 
66 51 29 81 45 35 23 22 27 91 51 67 37 91 65 73 37 39 93 61 26 80 30 22 0 