0 24 60 90 34 55 28 11 34 30 85 94 83 22 43 
69 0 90 33 15 34 11 27 15 32 50 93 42 70 76 
48 46 0 11 11 54 79 56 95 69 98 75 78 55 32 
25 71 67 0 64 15 89 31 51 11 60 26 29 91 97 
48 40 23 56 0 88 14 83 56 85 67 59 37 45 32 
59 21 65 27 47 0 60 28 76 40 49 91 24 66 78 
77 60 92 30 92 96 0 96 61 47 14 77 67 93 58 
14 86 49 32 36 54 33 0 99 16 53 76 75 38 45 
38 65 12 30 78 62 12 33 0 52 77 56 73 33 58 
11 44 78 64 79 65 57 37 16 0 17 37 75 26 87 
64 99 42 63 86 88 52 67 26 67 0 32 85 18 54 
38 49 19 83 96 12 18 44 63 95 84 0 40 10 36 
90 32 20 86 37 22 84 23 87 72 68 87 0 52 37 
40 29 36 62 23 31 54 81 80 94 23 15 34 0 54 
84 43 71 57 90 10 39 71 17 95 22 39 13 53 0 