0 98 42 78 14 37 77 77 71 59 22 40 19 39 96 32 99 87 33 60 84 28 41 63 31 52 73 32 54 39 96 46 25 38 45 
19 0 71 70 69 38 89 91 54 72 15 54 74 40 69 12 20 93 68 81 56 94 25 57 25 20 66 13 17 95 36 40 25 78 60 
22 45 0 19 48 39 23 71 31 89 75 39 53 25 32 38 79 40 37 15 64 97 47 31 53 95 17 66 93 53 66 12 33 37 82 
81 98 79 0 69 38 70 19 68 18 46 12 36 13 44 73 35 57 40 72 21 28 92 60 32 78 66 41 30 46 44 83 15 90 81 
67 53 37 69 0 73 51 34 17 60 68 31 65 68 73 60 47 28 52 61 96 83 82 12 47 58 60 68 53 67 66 79 72 72 97 
20 62 68 30 40 0 52 91 77 31 89 40 87 53 32 25 17 29 24 41 87 50 15 69 95 23 36 88 54 80 24 36 65 53 81 
34 21 11 11 42 26 0 13 52 68 76 32 62 34 70 59 92 19 93 41 38 62 43 62 87 31 53 67 14 96 90 74 67 92 90 
20 58 97 10 92 77 45 0 27 81 19 33 22 57 65 54 67 63 34 66 17 19 60 20 24 33 48 66 65 43 97 36 14 15 79 
19 34 31 29 22 58 51 27 0 27 38 14 57 75 73 86 82 88 16 77 93 84 71 78 52 74 66 93 34 49 83 67 77 57 54 
18 27 84 62 41 72 16 67 42 0 47 41 73 79 66 68 35 80 12 23 35 29 98 51 71 13 79 53 83 44 57 71 53 51 96 
38 42 87 80 73 30 48 32 25 25 0 94 76 76 55 20 69 37 97 24 29 57 84 61 40 59 60 88 64 47 81 69 74 59 42 
13 60 74 26 47 46 22 55 50 67 62 0 23 51 86 63 51 97 44 19 68 39 86 90 70 30 14 19 42 65 62 50 98 82 54 
37 81 89 12 77 99 87 68 80 75 67 97 0 29 17 45 68 70 88 31 62 29 52 54 57 79 68 83 39 97 12 42 36 52 26 
58 41 57 73 41 30 52 68 30 38 49 66 19 0 47 38 50 27 10 25 70 61 57 25 17 11 73 17 64 90 77 23 69 79 52 
80 66 39 83 14 55 27 95 86 81 53 23 77 62 0 31 65 89 44 74 75 97 74 60 30 44 17 28 47 95 92 21 59 95 72 
20 86 20 41 93 61 15 84 33 78 63 88 54 66 88 0 86 81 32 53 11 87 81 95 31 28 57 16 31 86 71 66 95 50 69 
56 81 46 44 49 94 28 76 20 77 57 57 69 22 34 59 0 81 33 49 72 86 60 83 21 14 96 77 57 38 52 79 25 19 79 
92 90 69 94 30 94 96 72 28 67 53 42 21 72 52 99 40 0 91 86 30 18 91 75 11 84 47 43 69 84 30 84 92 65 66 
23 12 81 30 53 41 15 61 23 31 49 73 83 62 10 20 58 24 0 69 88 62 13 58 32 68 79 53 84 81 97 61 65 57 21 
72 76 14 52 52 55 76 49 99 50 94 96 56 28 17 14 28 57 31 0 47 30 99 20 92 51 66 17 83 82 10 62 61 24 41 
40 44 11 42 66 64 91 40 74 16 55 50 25 17 72 83 76 29 24 34 0 28 22 86 78 40 23 93 45 14 69 37 76 93 45 
78 87 88 38 97 69 67 36 96 45 48 42 33 47 47 19 65 22 27 49 36 0 26 46 68 51 25 29 80 43 77 76 94 36 72 
58 77 85 61 55 74 97 13 25 98 71 36 62 42 23 90 56 22 50 30 58 66 0 48 91 82 27 13 59 20 82 91 22 83 90 
44 85 49 82 42 85 55 22 87 67 88 56 40 98 20 65 44 49 12 22 52 23 39 0 94 73 37 55 85 22 76 79 81 85 35 
21 65 66 72 99 58 98 34 75 40 53 69 46 33 15 87 11 97 89 52 93 28 99 58 0 22 62 78 78 31 68 94 45 52 75 
69 45 62 59 52 41 72 51 43 86 47 88 62 98 53 41 75 85 67 95 67 72 29 57 71 0 11 31 71 15 15 76 52 26 58 
24 73 29 65 64 25 39 26 38 44 59 69 66 50 28 71 36 85 91 91 38 72 22 98 26 88 0 81 82 29 31 36 71 93 32 
18 41 45 25 19 40 42 48 54 78 90 69 47 22 52 70 28 45 72 41 97 36 36 79 85 73 45 0 35 39 26 66 20 61 63 
96 45 11 32 63 12 79 66 51 54 18 86 37 40 59 68 93 74 69 91 52 97 91 21 48 72 24 67 0 29 58 32 86 70 81 
44 22 18 68 79 65 27 86 68 42 34 84 17 97 98 76 83 23 79 50 19 38 24 80 53 87 83 30 66 0 21 77 94 61 53 
67 40 11 28 78 24 68 74 20 74 27 25 27 67 74 70 72 68 69 48 76 83 47 41 70 31 48 49 51 37 0 77 58 21 10 
71 62 89 84 26 82 96 74 65 96 32 52 53 19 78 89 90 71 76 60 73 15 17 68 86 50 88 10 94 72 58 0 44 57 40 
36 33 47 10 31 44 41 72 71 62 14 94 35 89 77 48 53 10 25 54 22 18 38 18 66 80 34 53 99 60 51 38 0 88 97 
11 81 93 98 18 83 52 82 63 97 51 65 86 14 17 99 23 40 42 58 65 79 78 22 26 66 29 67 80 14 57 38 12 0 30 
30 67 90 15 60 49 64 81 41 75 51 60 82 19 78 48 89 86 55 84 85 75 98 20 75 69 39 81 67 21 14 26 81 89 0 