0 28 18 11 51 55 28 32 68 53 56 27 11 22 28 94 87 80 72 20 68 63 19 51 37 
90 0 88 10 57 66 11 17 95 88 82 96 95 29 89 72 29 97 75 26 10 60 25 36 13 
90 53 0 88 96 70 24 51 93 31 98 26 18 38 75 92 65 89 49 67 78 73 11 32 47 
35 58 37 0 59 99 57 11 20 39 77 63 83 89 37 69 43 31 32 69 96 34 49 31 74 
61 75 29 92 0 79 10 36 77 13 34 60 56 46 27 59 22 48 46 65 41 69 69 24 18 
29 74 12 52 99 0 58 84 54 41 12 17 93 55 75 11 82 82 47 58 24 17 63 65 85 
34 39 82 38 34 34 0 32 59 60 50 35 72 52 43 82 92 83 79 63 71 56 30 84 95 
14 73 25 36 36 22 86 0 28 10 80 39 17 67 56 66 25 57 20 66 80 57 41 52 13 
44 22 69 23 52 94 29 42 0 18 42 95 69 21 47 16 10 28 57 30 82 28 70 95 73 
58 96 48 99 96 29 91 27 30 0 65 19 93 22 49 95 20 43 86 81 49 44 99 78 34 
75 52 99 25 21 18 13 55 85 94 0 91 15 55 11 87 79 27 52 92 75 29 14 50 86 
40 30 93 74 95 53 80 67 19 45 36 0 17 18 35 82 22 41 66 57 52 12 48 30 42 
44 67 67 60 75 40 33 64 93 14 60 98 0 50 16 76 29 29 11 49 32 32 89 77 53 
25 39 99 77 65 81 99 24 82 65 13 80 70 0 55 42 22 50 78 45 84 23 73 83 47 
50 48 24 90 15 84 49 22 94 99 70 38 98 29 0 69 30 26 38 61 11 30 12 38 87 
56 26 62 71 98 50 36 96 74 95 22 23 16 57 44 0 48 40 18 52 75 78 35 14 85 
13 68 22 36 63 76 20 49 32 48 85 98 72 40 20 80 0 44 53 27 66 66 94 83 74 
44 69 29 87 60 63 80 46 50 49 66 69 91 14 20 66 18 0 30 60 99 74 56 43 82 
48 27 79 13 95 84 87 72 63 76 22 38 34 46 19 43 22 77 0 30 66 80 27 27 20 
36 68 64 38 20 30 31 74 98 72 76 18 26 17 54 97 70 42 45 0 12 33 29 43 12 
65 21 24 12 10 97 19 97 97 57 49 81 63 51 21 27 53 36 59 18 0 49 54 90 34 
16 93 18 18 92 63 52 17 29 89 68 75 79 85 24 51 76 67 79 25 78 0 13 22 60 
60 38 15 15 22 80 62 93 34 41 26 98 61 27 61 29 37 98 29 15 56 12 0 85 30 
50 36 76 40 69 66 40 41 10 54 96 93 33 93 53 89 94 88 54 28 13 11 22 0 82 
39 69 46 42 89 19 17 14 17 17 62 82 21 97 14 46 40 10 47 29 66 76 83 99 0 