0 56 18 12 20 31 28 75 54 25 70 32 38 
73 0 82 79 46 68 62 47 31 46 37 63 85 
72 45 0 55 41 52 81 12 74 33 70 75 41 
97 24 94 0 16 83 96 96 54 98 92 87 24 
31 88 13 74 0 65 97 30 75 99 20 42 79 
15 41 80 51 82 0 82 18 34 14 57 22 93 
86 42 88 30 31 99 0 19 96 34 20 96 91 
92 82 72 27 44 38 54 0 56 68 65 60 48 
88 88 64 75 58 32 59 45 0 31 35 78 74 
84 47 63 73 62 89 12 43 89 0 91 92 96 
60 16 22 78 13 18 71 60 10 65 0 18 78 
61 62 68 80 93 55 11 32 79 20 64 0 37 
86 34 48 90 78 73 44 11 63 31 98 65 0 