0 16 76 54 24 25 52 53 57 45 91 31 38 87 51 38 48 79 13 36 89 91 34 14 16 67 22 28 30 71 
63 0 74 91 94 11 74 92 37 24 94 33 74 67 47 53 51 80 75 65 80 44 96 13 59 43 19 63 10 78 
76 59 0 76 30 96 55 49 52 34 65 25 31 75 25 10 99 86 22 64 11 53 18 41 76 28 94 65 17 28 
60 52 72 0 61 57 77 96 88 58 87 84 73 39 43 27 34 41 42 45 78 26 20 62 30 63 11 46 62 31 
83 62 56 16 0 43 89 56 67 92 87 14 70 69 23 38 95 46 38 49 16 90 50 78 35 42 84 23 56 29 
81 33 78 42 62 0 54 35 56 51 11 50 88 95 77 68 65 18 61 12 46 70 21 11 98 63 95 74 66 95 
78 58 17 13 96 56 0 47 54 15 19 34 87 70 99 98 41 38 94 36 51 47 72 96 86 44 53 99 14 65 
68 79 60 19 87 38 84 0 21 12 72 54 82 48 57 94 11 84 52 69 39 28 13 88 58 68 36 24 87 21 
65 12 82 21 39 26 93 71 0 81 43 38 47 19 57 10 84 56 11 96 81 10 73 68 34 62 17 14 33 69 
40 68 58 69 96 25 36 89 20 0 57 53 56 78 22 97 35 74 86 92 23 45 25 51 99 79 85 62 27 55 
69 15 10 48 27 63 72 84 21 94 0 26 99 85 39 63 26 48 34 10 26 47 34 24 62 91 38 80 77 17 
87 14 92 95 25 96 40 33 89 12 20 0 90 58 17 63 27 91 42 72 38 27 54 50 37 10 17 43 57 30 
82 54 73 66 91 19 92 96 69 78 93 72 0 80 14 73 72 45 73 24 32 63 10 58 97 44 18 99 89 54 
93 99 25 85 66 85 45 84 96 61 17 39 56 0 67 10 35 32 45 89 37 37 38 16 20 25 49 35 52 87 
42 11 57 57 59 53 18 35 49 28 57 41 61 32 0 83 77 11 61 37 48 68 56 52 95 53 55 21 39 14 
72 29 51 89 67 20 90 17 68 15 79 38 65 51 43 0 16 15 20 93 56 39 30 85 96 61 49 95 23 33 
27 28 56 60 31 46 44 17 97 59 15 38 41 84 55 98 0 27 66 28 74 10 40 96 55 90 26 88 91 41 
97 88 64 73 72 61 68 67 62 11 53 46 44 15 76 56 97 0 30 82 73 39 49 10 13 71 48 80 29 91 
79 21 89 94 92 63 31 23 81 29 63 87 12 74 13 18 80 99 0 45 62 99 40 24 94 57 49 34 42 84 
11 96 94 17 77 96 76 67 27 46 52 87 97 68 82 63 39 90 66 0 50 84 51 29 18 33 10 30 94 83 
36 16 12 24 20 96 71 38 51 63 65 50 26 17 24 27 89 81 47 87 0 99 90 94 36 99 82 38 87 50 
88 59 75 58 72 23 87 45 75 37 19 73 20 18 72 26 61 69 26 25 50 0 32 39 78 36 57 59 84 39 
86 32 82 88 65 16 20 24 23 56 56 72 19 28 30 52 56 39 38 65 98 56 0 37 43 73 12 52 47 99 
37 57 64 86 98 59 49 20 17 31 70 65 68 86 42 77 18 43 25 79 91 97 94 0 71 90 20 92 76 69 
79 63 97 42 39 52 34 76 77 14 22 15 95 71 72 68 31 75 55 16 66 92 38 37 0 15 19 89 19 99 
54 41 82 54 81 46 88 57 73 19 71 10 84 54 30 79 53 86 27 74 86 57 32 35 21 0 15 34 52 38 
34 15 19 11 31 75 25 52 26 42 50 99 23 58 50 64 35 56 17 46 13 89 39 40 63 21 0 97 14 14 
80 88 46 83 23 65 77 32 31 59 90 37 43 77 86 18 95 43 86 28 58 16 42 69 44 92 64 0 79 56 
66 59 28 94 69 46 53 56 90 96 83 49 18 54 96 39 35 82 82 50 51 77 17 42 31 43 97 76 0 17 
33 79 56 30 23 27 23 89 25 42 68 35 20 37 77 36 54 36 65 12 64 49 61 14 47 50 96 75 59 0 