0 13 92 89 67 29 84 73 98 30 16 51 34 
55 0 45 67 99 93 24 93 69 69 16 12 10 
76 19 0 31 15 53 43 25 59 14 93 15 68 
62 12 20 0 79 70 38 50 94 12 66 81 17 
14 26 48 24 0 60 53 97 13 46 38 99 95 
43 55 62 61 36 0 10 49 86 48 25 65 22 
31 19 19 90 56 72 0 49 40 25 12 83 75 
69 38 38 59 77 93 80 0 22 26 34 13 38 
27 26 79 11 80 45 96 73 0 93 40 44 99 
86 77 25 40 10 29 99 90 34 0 86 42 80 
81 91 87 10 35 32 44 79 28 99 0 11 33 
54 61 30 32 44 83 57 84 54 33 41 0 59 
92 61 18 30 33 51 44 81 22 24 28 42 0 