0 16 63 75 37 36 71 55 87 96 57 56 18 43 58 33 31 45 36 62 40 19 54 68 82 24 98 67 60 61 60 57 84 75 67 
56 0 43 47 78 92 97 75 33 96 79 52 78 52 88 54 43 70 57 12 76 28 86 73 19 45 46 84 24 64 51 72 80 40 75 
68 90 0 80 94 24 95 92 58 48 36 98 79 34 40 21 39 91 93 46 74 70 53 53 61 92 23 58 63 79 65 38 44 88 22 
12 50 27 0 74 65 68 32 23 26 18 31 80 42 54 11 45 53 80 39 32 32 35 22 76 44 68 90 25 88 93 25 91 92 59 
37 57 62 48 0 23 39 54 68 37 33 56 18 13 11 35 39 32 15 22 50 58 19 30 58 43 97 34 42 98 89 98 34 57 49 
46 58 94 88 98 0 60 75 66 89 89 32 41 20 75 51 78 93 47 21 75 16 67 84 52 98 94 75 62 99 90 55 25 88 13 
66 74 77 70 18 38 0 81 14 89 76 37 42 75 64 37 98 97 10 95 14 39 36 26 30 59 88 58 85 15 95 74 79 98 39 
27 27 13 66 41 28 91 0 64 33 33 39 88 46 59 93 52 44 95 28 96 74 30 60 53 65 99 17 46 22 61 17 27 35 62 
61 53 80 44 85 40 42 52 0 29 49 38 10 93 88 65 16 41 57 57 59 77 80 72 52 78 11 82 74 22 64 15 64 88 45 
26 91 28 33 94 71 82 16 83 0 37 38 50 92 60 98 64 82 78 27 61 83 12 42 45 25 73 38 13 71 37 96 87 82 23 
42 71 68 13 80 47 65 44 73 76 0 30 71 37 26 53 85 81 78 35 22 74 47 58 83 94 38 30 91 33 55 38 46 32 30 
86 68 25 43 40 69 17 90 29 49 20 0 24 56 95 12 37 35 38 50 54 72 64 66 71 54 37 22 99 95 80 78 33 21 82 
90 59 29 36 45 98 51 21 14 84 36 97 0 73 61 51 13 47 36 89 80 19 64 86 17 63 63 82 15 95 57 16 94 19 47 
58 83 28 90 51 75 79 11 66 45 77 60 25 0 87 25 78 99 80 55 11 33 65 61 19 19 25 87 38 59 88 31 56 24 42 
57 70 78 29 16 82 17 48 25 22 50 80 12 91 0 68 33 15 87 81 11 42 14 21 88 91 61 58 12 56 94 42 49 75 89 
12 82 33 39 33 45 12 25 38 94 56 76 84 56 63 0 22 80 59 89 22 94 23 93 23 15 35 90 89 78 78 81 51 49 64 
81 60 38 20 89 47 77 25 97 54 39 84 76 98 66 84 0 72 60 80 94 90 12 41 67 11 26 80 23 93 14 44 65 46 48 
99 62 29 37 98 94 69 95 22 35 15 69 94 39 89 89 40 0 65 24 69 64 38 45 92 89 12 62 79 97 18 66 37 73 22 
58 50 46 14 22 74 83 72 41 30 16 52 66 49 85 77 24 22 0 88 51 52 21 70 68 84 30 86 27 13 28 52 33 55 60 
11 43 80 42 81 53 73 77 94 33 83 95 57 11 93 62 49 20 46 0 91 49 65 80 28 46 42 71 34 78 83 34 88 85 53 
55 88 23 63 84 31 46 78 28 23 99 85 94 29 51 91 45 22 57 65 0 78 12 90 31 38 84 12 67 32 49 23 72 39 53 
55 59 81 37 50 23 91 31 48 22 44 49 86 26 47 87 11 39 33 22 44 0 12 22 67 47 62 49 95 84 68 44 99 96 33 
23 33 62 65 18 56 10 81 84 75 12 77 39 41 21 50 45 12 28 33 75 23 0 78 86 18 19 70 94 21 55 96 87 47 33 
13 31 33 29 32 67 63 21 50 17 41 32 89 68 77 81 95 16 31 89 89 86 12 0 59 63 52 16 83 50 37 98 90 33 89 
28 60 80 15 71 83 11 55 78 94 32 66 49 61 83 80 16 58 70 25 84 82 54 15 0 64 63 39 99 13 62 60 92 61 34 
52 83 99 59 80 41 26 24 17 35 66 93 79 46 16 80 18 27 30 53 83 25 41 85 36 0 34 76 45 53 47 88 42 68 46 
79 15 82 67 74 30 18 54 83 24 10 61 66 10 70 35 88 37 34 46 88 10 66 99 90 83 0 81 93 89 73 42 22 64 79 
78 21 64 35 38 32 33 47 65 94 87 12 12 80 73 40 44 67 35 78 75 69 79 90 80 46 31 0 56 10 40 74 99 64 39 
29 44 23 21 55 45 59 98 71 91 58 82 44 45 33 60 32 81 63 83 52 50 58 62 86 88 33 37 0 24 52 99 90 56 91 
46 75 98 46 21 76 13 51 88 12 66 78 13 31 11 81 20 97 29 86 45 21 43 89 90 31 14 62 29 0 61 49 31 44 11 
39 47 80 55 49 24 92 11 84 71 62 92 69 82 37 95 85 22 40 72 55 72 76 55 71 79 34 52 24 21 0 29 23 71 18 
93 88 43 23 36 46 80 30 16 96 85 21 30 63 59 54 26 19 86 68 17 64 51 28 97 71 91 46 52 77 75 0 71 19 73 
71 90 23 49 82 75 91 31 21 28 22 63 30 62 57 70 83 42 35 23 15 89 79 62 50 29 33 53 79 36 68 26 0 50 46 
16 33 95 37 76 91 35 82 48 61 47 54 53 14 21 11 88 50 78 45 28 53 89 59 74 14 78 17 53 44 94 77 57 0 29 
79 40 77 43 76 84 78 53 27 71 13 59 40 89 15 38 27 84 80 15 26 30 26 23 70 75 87 49 90 37 82 27 25 14 0 