0 10 77 71 45 66 27 85 43 46 72 28 93 50 
72 0 81 57 33 46 26 86 23 17 40 88 99 55 
93 86 0 57 72 33 67 83 97 38 27 11 14 36 
30 52 97 0 72 63 55 40 15 85 61 25 41 56 
99 40 69 47 0 15 64 31 17 82 68 80 34 12 
30 92 60 54 85 0 44 24 49 98 28 76 10 11 
15 85 20 13 74 77 0 20 18 11 96 10 51 91 
85 82 10 71 38 17 41 0 56 39 96 70 61 66 
64 26 59 88 99 78 63 50 0 38 95 83 13 71 
31 55 87 59 16 40 43 40 77 0 41 53 18 47 
12 22 90 17 61 96 29 20 28 28 0 37 23 74 
50 45 95 86 36 91 91 93 97 42 24 0 87 56 
62 26 38 33 52 12 75 74 39 30 28 96 0 81 
52 36 97 32 98 15 22 88 83 34 70 88 24 0 