0 68 64 82 81 60 27 92 87 99 14 70 10 49 70 88 12 73 29 76 
37 0 80 71 12 21 54 72 29 26 56 67 32 57 55 65 60 17 85 35 
53 21 0 32 41 64 73 32 79 17 18 55 29 59 99 53 60 70 32 50 
36 44 83 0 49 85 14 55 89 20 41 57 61 12 59 78 49 75 56 65 
26 34 29 20 0 45 81 88 25 81 65 67 58 91 63 81 92 23 72 92 
80 83 34 65 74 0 76 17 52 68 20 84 57 64 91 61 34 86 13 69 
95 52 98 92 39 67 0 80 78 13 55 69 73 53 12 13 10 18 82 59 
13 48 94 94 99 93 14 0 16 45 21 44 90 52 65 15 25 55 47 46 
44 46 65 49 84 27 69 20 0 12 55 86 26 89 21 40 94 99 49 21 
31 40 78 41 15 78 49 59 83 0 52 18 65 93 93 77 81 35 78 78 
86 52 40 10 27 41 39 73 41 68 0 44 93 45 79 95 70 89 87 39 
85 31 38 78 90 75 16 98 66 65 11 0 92 43 87 78 41 77 59 79 
88 94 97 25 73 78 79 87 27 91 44 68 0 61 57 98 16 50 67 34 
98 61 69 68 52 37 44 27 84 51 83 55 43 0 46 52 36 83 21 69 
85 20 21 69 23 65 46 10 27 90 11 33 19 47 0 84 94 47 31 38 
70 36 11 58 49 28 98 87 81 22 16 30 43 45 10 0 61 25 50 38 
76 38 38 58 51 88 78 68 93 27 27 45 60 69 90 64 0 12 88 31 
92 72 47 54 18 44 94 21 78 35 96 50 12 15 40 39 64 0 14 88 
51 97 52 40 78 21 10 20 26 34 79 21 48 88 48 47 89 86 0 75 
59 73 78 34 48 99 39 77 91 61 92 13 18 15 40 87 20 56 69 0 