0 48 73 45 79 27 58 43 77 17 50 46 69 55 34 12 91 65 38 21 71 37 53 73 64 96 39 77 87 93 
72 0 53 53 50 71 58 39 63 25 29 18 49 88 97 80 95 51 95 88 59 97 37 58 36 51 33 32 89 46 
55 52 0 23 83 68 62 72 80 22 79 55 23 93 39 29 54 98 38 12 14 95 84 24 92 91 98 43 77 85 
80 51 11 0 68 62 49 91 99 56 64 30 87 45 18 54 58 13 48 35 80 38 66 70 63 93 57 71 45 90 
62 54 28 96 0 80 69 62 52 77 24 82 77 37 91 47 81 51 18 95 95 59 51 37 84 28 80 99 95 69 
46 28 18 40 65 0 32 18 55 27 83 75 35 69 39 11 65 87 99 42 12 43 10 74 29 15 44 66 91 88 
25 66 17 86 68 46 0 56 50 97 24 92 79 12 72 45 77 69 46 31 73 89 43 10 24 88 16 85 27 71 
37 31 30 51 10 37 69 0 53 38 16 98 32 70 44 90 67 79 10 79 39 42 28 49 52 85 74 48 59 75 
85 36 60 81 40 95 45 83 0 41 87 28 35 81 55 64 30 88 39 32 79 42 34 59 71 65 89 22 60 60 
63 80 52 16 35 60 68 88 51 0 33 51 72 28 77 57 99 89 68 90 81 64 81 79 92 82 23 15 35 43 
59 98 21 77 48 12 68 56 99 70 0 14 89 70 28 14 36 11 52 76 26 84 14 52 51 92 67 32 92 44 
46 19 98 44 71 37 37 53 80 80 25 0 56 88 23 98 21 51 90 84 24 33 83 96 96 18 20 29 31 73 
80 60 63 74 76 84 95 96 54 73 76 67 0 32 57 42 30 59 16 66 58 82 98 22 30 70 64 16 44 20 
65 86 61 87 52 69 18 65 89 57 30 92 70 0 59 57 27 12 75 96 11 56 63 59 23 68 26 59 86 36 
67 82 89 75 84 53 13 84 80 70 53 61 97 32 0 41 99 96 62 53 32 57 17 75 54 39 61 37 40 13 
86 61 35 13 24 82 64 86 56 29 82 38 82 67 22 0 79 34 43 56 96 59 80 89 20 17 43 22 31 39 
83 18 55 80 51 34 14 98 26 54 89 96 56 11 20 25 0 30 13 11 76 26 84 70 63 93 63 11 70 23 
64 28 69 74 56 82 84 78 62 64 94 42 66 86 44 52 61 0 17 64 18 51 83 10 28 14 65 27 42 40 
29 43 35 30 44 24 19 27 83 30 56 70 92 69 12 36 86 64 0 11 29 23 25 70 62 90 48 23 49 35 
18 13 31 12 32 27 91 31 51 19 13 84 21 53 88 10 59 63 85 0 65 76 17 58 62 21 16 39 71 59 
83 46 14 46 27 20 80 49 13 33 62 61 81 88 38 88 62 53 63 24 0 43 40 35 55 12 93 85 43 61 
58 30 18 74 88 63 12 13 16 61 79 87 31 82 49 52 95 99 72 81 68 0 55 49 41 43 37 93 96 87 
23 70 37 16 77 67 78 62 89 43 49 16 92 60 89 34 57 55 67 31 63 60 0 51 40 73 23 13 34 54 
50 49 90 61 25 17 13 96 84 21 34 83 33 47 53 44 86 19 37 47 19 37 42 0 23 57 36 90 80 80 
64 98 80 72 99 97 91 62 24 82 56 19 28 55 67 97 28 51 31 36 47 11 65 12 0 77 59 34 84 62 
76 56 29 43 73 71 87 32 55 27 49 31 24 96 42 51 50 45 88 40 10 37 18 71 38 0 32 75 88 68 
30 39 86 21 54 87 75 99 76 26 37 48 70 93 18 96 10 54 99 79 88 46 31 18 15 64 0 75 99 14 
71 48 87 31 72 20 67 74 73 75 78 89 88 47 79 59 21 35 29 90 67 65 37 97 52 32 91 0 84 42 
55 53 92 43 44 13 52 65 99 68 56 34 74 84 72 35 78 36 88 72 23 79 41 43 31 74 54 37 0 45 
49 30 74 66 30 83 45 84 44 55 34 12 78 31 24 91 21 78 23 77 26 15 13 79 51 40 13 74 16 0 