0 87 42 61 50 34 73 46 18 24 47 19 52 
75 0 50 70 59 95 73 17 53 23 86 29 69 
76 74 0 18 22 48 48 42 74 27 27 63 34 
88 92 16 0 82 43 57 27 27 20 37 84 92 
96 14 48 17 0 14 24 74 57 74 31 44 38 
54 18 24 94 92 0 79 51 92 18 23 35 11 
73 57 75 61 28 99 0 58 18 98 22 21 96 
12 21 42 54 95 29 15 0 63 94 75 57 86 
49 72 84 37 68 81 82 63 0 67 61 57 48 
89 56 76 93 74 27 98 69 77 0 14 25 54 
78 91 88 73 30 28 37 48 65 83 0 42 57 
97 49 82 40 14 39 31 44 76 23 54 0 38 
37 38 24 52 17 53 79 19 24 73 40 82 0 