0 13 69 50 19 27 74 12 50 84 77 77 38 49 72 71 91 64 57 37 75 45 40 66 18 94 28 99 80 25 44 43 59 67 55 
22 0 21 54 29 69 32 71 80 67 77 59 65 39 13 88 75 31 20 37 56 47 55 96 98 27 25 57 22 26 56 27 70 55 25 
13 79 0 55 18 77 28 25 77 23 68 34 74 55 92 49 59 21 51 16 34 29 54 65 29 91 33 58 32 11 61 31 71 73 52 
11 71 86 0 66 12 60 68 96 56 72 53 43 87 60 48 32 30 27 54 35 37 17 12 23 77 32 27 69 93 22 29 45 68 38 
44 38 68 93 0 23 73 53 37 92 23 11 55 25 86 88 70 83 16 99 26 82 76 99 22 15 90 88 29 78 48 94 55 60 29 
36 39 97 69 28 0 68 55 80 74 31 88 46 96 30 57 93 20 72 37 18 57 86 91 71 32 31 44 27 57 98 94 77 28 13 
33 58 71 68 47 81 0 29 69 31 95 64 93 85 31 71 22 18 15 88 54 89 69 22 53 40 35 62 93 45 84 82 54 74 58 
46 81 10 86 22 84 13 0 79 55 73 15 30 36 53 99 23 48 20 92 38 95 31 62 80 43 24 62 14 71 76 15 83 50 19 
11 90 95 31 69 61 40 33 0 50 94 97 51 79 42 29 12 34 73 41 95 77 43 95 12 51 27 88 45 77 69 52 96 42 11 
78 34 47 33 31 31 19 22 45 0 93 98 36 81 64 96 84 52 52 39 61 64 76 44 56 18 98 33 47 88 50 66 27 41 62 
93 61 82 32 68 39 71 64 51 46 0 21 71 12 74 47 70 47 24 84 25 43 29 83 69 80 87 80 18 39 83 18 64 54 85 
46 80 25 59 11 50 92 64 68 78 55 0 65 51 99 90 86 84 31 35 99 57 46 15 85 73 48 28 27 96 72 69 79 83 13 
84 24 48 96 52 42 72 26 61 35 26 89 0 97 38 90 52 55 75 10 51 78 74 79 76 15 86 90 63 21 24 71 85 19 96 
39 69 96 83 57 27 34 72 89 59 13 84 41 0 10 18 57 24 69 98 95 12 37 38 90 70 83 68 28 85 98 98 70 96 37 
57 43 54 89 16 89 83 24 85 80 92 26 15 50 0 63 75 69 10 87 61 77 27 32 25 31 63 21 29 59 83 55 27 32 78 
30 78 27 86 18 73 62 40 30 99 66 63 86 14 38 0 44 39 47 44 46 26 34 64 31 12 76 94 71 53 78 30 76 89 54 
13 50 58 96 71 38 56 94 81 77 53 30 45 23 96 79 0 47 67 56 78 68 52 75 50 41 16 65 83 28 39 81 98 40 10 
24 54 11 98 13 49 50 53 55 58 23 52 28 35 54 71 26 0 13 83 63 28 99 79 14 69 98 17 19 58 75 68 79 15 84 
97 87 23 18 62 80 91 47 48 73 58 86 57 54 63 59 40 66 0 45 49 90 32 34 18 40 14 75 24 29 39 77 24 44 59 
82 41 99 99 93 75 30 67 53 69 86 31 40 28 80 31 90 11 73 0 91 59 70 59 37 85 85 12 47 23 29 61 10 74 85 
18 26 24 77 70 13 47 21 89 41 43 76 42 38 64 63 78 99 16 82 0 75 56 80 66 72 26 64 28 29 80 91 82 85 20 
34 34 17 47 34 65 13 44 56 20 17 73 72 43 42 32 45 57 38 11 26 0 75 21 15 14 96 88 23 61 34 59 98 97 72 
36 59 56 50 54 93 66 16 70 68 20 27 19 91 51 10 15 82 68 57 82 49 0 71 25 71 62 74 78 82 23 37 48 84 51 
20 69 75 49 20 34 80 26 56 42 63 50 53 35 44 25 80 99 38 13 18 97 67 0 85 11 78 44 74 22 49 44 59 57 34 
64 73 89 39 56 59 67 94 88 74 61 15 66 51 48 76 73 23 98 42 55 96 70 90 0 15 33 62 51 43 36 79 63 36 12 
35 60 87 17 81 99 20 26 42 53 39 88 17 74 98 40 15 72 11 31 23 80 81 11 94 0 47 21 14 72 75 55 27 46 89 
54 82 20 64 87 34 68 97 89 30 64 25 75 48 41 78 94 72 47 37 38 73 91 92 42 75 0 56 33 78 11 91 57 12 44 
96 23 89 27 80 78 57 47 39 35 18 51 59 81 52 36 11 82 30 25 55 68 61 80 24 25 16 0 16 23 79 85 44 27 63 
46 18 65 17 19 24 48 56 21 53 26 19 56 39 57 54 35 84 48 92 47 87 73 34 85 43 16 62 0 64 46 91 10 40 54 
35 59 61 37 16 47 30 73 53 97 81 70 59 33 87 68 90 99 33 37 87 45 57 59 72 60 99 18 24 0 48 47 60 91 92 
18 17 31 15 73 54 82 25 68 68 41 91 34 52 23 81 43 47 91 11 14 50 72 24 25 98 92 97 19 23 0 67 55 13 37 
80 24 24 25 61 34 68 72 30 94 30 68 51 19 22 43 57 14 68 63 53 69 98 14 17 91 94 52 11 97 88 0 81 50 52 
91 33 99 19 14 95 31 37 67 13 25 34 37 23 21 14 35 96 48 73 15 53 87 81 84 37 90 56 95 39 67 37 0 52 27 
63 79 83 71 76 77 76 36 92 79 59 82 70 97 41 77 29 55 68 23 90 39 78 71 11 73 91 22 17 31 29 38 59 0 43 
51 73 77 33 57 55 34 21 96 10 76 80 21 41 34 16 95 82 15 76 48 77 20 71 54 20 44 37 96 48 57 31 29 33 0 