0 41 50 17 24 26 38 19 42 64 41 33 71 77 32 73 98 87 17 86 41 81 33 65 98 
32 0 32 63 28 26 31 12 44 17 20 60 61 73 53 50 12 29 50 73 63 96 47 67 93 
89 64 0 67 43 31 90 71 22 92 16 88 90 89 69 43 40 49 94 23 42 30 96 26 42 
46 93 63 0 77 25 90 38 52 96 40 44 57 62 12 96 61 65 91 44 32 74 19 94 42 
54 85 70 83 0 31 92 77 76 28 77 15 68 93 19 32 82 42 96 57 65 85 31 19 33 
15 86 73 54 36 0 24 88 27 33 40 67 72 85 50 74 51 70 12 81 26 74 49 87 17 
38 94 67 36 16 86 0 91 88 77 29 30 50 75 36 54 65 45 83 97 29 76 89 56 94 
49 66 42 87 54 41 95 0 81 80 25 24 76 20 51 64 35 62 16 32 74 29 54 46 35 
19 53 69 37 27 90 84 89 0 61 51 13 46 95 69 12 39 19 93 36 39 77 28 71 42 
75 89 35 27 58 86 38 58 82 0 28 25 20 87 94 22 61 23 25 72 75 55 26 67 84 
98 44 80 21 30 30 58 15 58 99 0 53 60 32 36 93 26 71 89 67 75 80 43 90 75 
79 45 26 18 94 93 20 87 28 13 69 0 46 53 14 20 49 43 24 49 50 87 25 72 90 
44 60 62 76 98 86 59 14 28 51 15 96 0 56 49 78 91 10 38 49 47 10 20 58 91 
77 30 75 53 19 11 19 91 42 80 34 89 79 0 32 82 72 11 57 25 75 31 43 26 10 
81 98 22 87 21 65 28 54 53 65 84 30 40 67 0 25 88 87 72 93 45 59 57 90 54 
11 89 47 75 53 92 82 37 28 12 37 18 32 98 42 0 90 56 23 44 80 41 19 63 43 
46 86 84 38 96 26 99 45 30 13 73 33 79 17 73 35 0 42 31 30 38 85 88 13 59 
19 29 73 17 14 97 69 62 45 70 84 42 48 13 31 43 27 0 20 78 25 51 74 25 40 
64 66 65 75 42 22 80 51 12 36 20 33 12 56 45 59 51 89 0 61 35 65 24 23 33 
55 20 15 13 30 44 50 31 93 21 45 87 51 61 81 67 53 72 32 0 47 37 86 96 79 
81 93 21 87 45 69 45 80 17 91 43 12 82 92 80 49 26 49 83 65 0 13 35 73 19 
71 12 75 21 53 98 91 26 48 82 80 73 89 92 36 43 14 13 85 84 84 0 24 15 72 
71 38 83 77 46 69 32 34 89 89 67 97 55 46 82 84 35 44 43 56 56 46 0 31 92 
17 78 60 17 82 75 93 81 81 44 19 23 35 26 75 36 16 69 25 35 97 61 82 0 20 
97 37 97 60 32 95 86 35 89 91 98 88 77 69 25 59 92 33 68 76 46 95 93 82 0 