0 95 27 99 88 93 37 72 25 97 61 58 99 37 51 
90 0 81 50 34 28 28 33 52 41 71 11 73 71 82 
25 48 0 14 66 14 24 51 49 89 95 14 79 85 67 
90 80 66 0 41 37 58 87 10 55 15 49 99 62 54 
54 19 39 68 0 84 54 43 45 36 57 10 27 18 11 
80 79 51 14 52 0 44 14 56 34 48 18 40 17 30 
62 87 41 80 29 20 0 31 87 60 30 67 31 35 90 
16 91 59 19 12 69 33 0 34 87 73 20 35 31 35 
71 66 84 98 60 81 28 79 0 57 99 40 57 10 57 
98 24 53 50 38 71 71 58 85 0 19 34 83 36 18 
44 82 23 73 80 31 17 90 24 27 0 99 57 98 57 
10 49 76 97 48 75 66 79 33 21 53 0 98 74 13 
52 27 37 94 60 34 97 55 73 49 47 14 0 94 35 
83 45 62 18 17 56 17 62 27 12 12 93 75 0 64 
97 79 95 34 10 20 33 39 81 35 27 73 38 97 0 