0 72 78 66 79 29 28 87 24 87 89 63 71 43 91 11 66 46 96 46 99 12 24 59 11 19 74 88 32 52 
74 0 78 69 26 98 36 75 99 42 99 66 81 90 28 41 67 24 98 24 75 14 44 52 41 53 60 17 64 22 
77 61 0 13 21 12 98 22 92 17 27 11 18 89 82 80 47 74 22 61 37 65 30 75 52 18 68 59 23 80 
18 78 53 0 26 11 19 55 53 57 21 52 76 44 45 93 16 82 69 15 28 54 11 41 74 66 63 27 61 39 
74 14 43 83 0 16 28 26 60 84 78 73 39 90 40 42 34 25 86 23 32 97 32 94 61 50 91 43 80 72 
50 43 51 25 99 0 92 62 17 24 82 78 88 28 23 99 32 54 21 20 59 26 79 21 43 83 70 26 80 33 
57 61 50 55 22 95 0 29 83 18 75 74 89 19 83 78 96 89 96 96 97 33 22 47 23 78 58 52 44 61 
66 18 76 19 95 53 61 0 83 81 34 17 25 77 50 75 76 24 36 13 72 96 36 63 37 32 25 38 22 72 
88 11 20 98 34 63 87 82 0 14 12 72 95 67 48 99 59 22 26 30 34 89 93 51 56 73 10 44 61 18 
62 58 30 48 63 94 83 49 71 0 92 69 90 48 57 64 43 88 27 74 71 18 49 58 82 99 16 99 21 66 
64 95 12 10 20 58 58 12 52 54 0 94 79 55 55 74 68 77 82 12 88 94 13 22 70 39 78 29 74 16 
71 55 34 89 42 56 89 25 32 27 47 0 97 60 69 31 30 47 63 88 53 95 35 41 62 24 78 34 42 54 
78 85 53 57 99 52 91 84 29 53 14 73 0 43 67 97 45 37 30 65 52 73 83 97 16 62 21 16 14 22 
76 12 36 23 41 27 80 40 29 69 46 57 83 0 93 23 35 35 95 65 55 54 25 68 84 26 91 23 45 28 
33 60 23 42 43 63 25 37 48 91 83 50 36 36 0 45 18 17 80 12 36 29 27 71 69 39 40 75 13 58 
22 67 15 17 44 10 46 91 15 33 69 74 94 19 68 0 22 12 58 51 94 42 99 44 35 89 65 23 23 72 
29 12 78 56 90 16 70 86 30 55 73 66 64 52 39 99 0 45 12 63 47 74 83 97 54 71 22 85 86 79 
86 35 87 37 48 49 63 69 10 93 67 55 53 71 21 25 91 0 98 14 52 82 88 71 55 26 52 39 89 10 
88 22 43 19 52 56 55 21 30 41 70 28 31 53 92 78 33 58 0 82 79 80 76 71 57 10 98 71 15 56 
28 48 22 93 83 58 14 21 87 54 31 92 58 19 77 16 66 29 42 0 38 47 93 45 41 71 35 93 37 71 
24 95 46 97 81 44 56 14 61 24 99 26 50 10 69 10 62 21 17 40 0 41 69 16 61 42 75 87 35 55 
60 93 84 68 59 90 79 29 58 48 59 82 86 92 83 20 50 73 22 59 29 0 29 19 78 46 17 64 34 70 
62 89 26 71 38 51 55 26 25 35 81 59 47 66 76 62 96 66 92 25 79 27 0 96 60 24 61 59 87 40 
26 60 33 54 42 55 60 25 37 53 28 97 17 50 31 15 69 10 83 58 86 75 64 0 46 89 36 77 94 26 
59 10 26 42 10 41 13 79 91 76 21 54 68 86 68 74 46 44 23 16 94 67 61 34 0 12 63 62 32 93 
99 16 40 17 39 92 26 81 13 30 94 93 84 26 50 35 92 31 61 50 50 13 22 31 45 0 16 71 46 52 
77 20 76 28 79 47 58 90 79 30 13 96 24 60 17 14 70 69 87 46 51 84 42 55 38 48 0 17 85 17 
89 66 79 39 66 19 31 59 80 75 49 31 56 88 84 35 44 46 14 74 64 74 94 43 34 53 52 0 78 58 
54 25 46 27 17 98 35 96 50 72 81 22 15 83 78 25 34 14 11 56 24 77 16 51 35 98 95 92 0 37 
37 83 14 66 88 51 92 32 12 30 14 88 55 75 15 73 44 48 87 23 69 17 69 84 25 80 40 46 63 0 